#torus
push
#draw
#display
#lighter hair
color
229 190 199
bezier
145 500 141 498 138 497 132 495
bezier
132 495 129 493 125 491 121 489
bezier
121 489 118 487 114 484 112 480
bezier
112 480 109 477 108 474 104 473
bezier
104 473 101 471 98 471 93 466
bezier
93 466 91 463 87 457 84 453
bezier
84 453 79 446 76 442 75 440
bezier
75 440 73 436 69 429 66 421
bezier
66 421 64 417 60 405 58 401
bezier
58 401 57 394 56 387 54 382
bezier
54 382 53 376 51 373 51 369
bezier
51 369 50 363 49 356 46 350
bezier
46 350 46 348 46 345 42 342
bezier
42 342 38 340 32 336 27 333
bezier
27 333 25 325 23 320 23 314
bezier
23 314 24 307 24 300 22 297
bezier
22 297 18 293 10 283 7 276
bezier
7 276 5 268 8 263 12 254
bezier
12 254 13 256 15 262 16 269
bezier
16 269 20 273 21 276 22 279
bezier
22 279 21 281 22 277 21 275
bezier
21 275 21 271 20 268 21 266
bezier
21 266 21 262 22 258 24 255
bezier
24 255 30 252 29 255 29 259
bezier
29 259 30 264 33 267 35 269
bezier
35 269 38 273 41 275 44 277
bezier
44 277 48 280 50 284 53 288
bezier
47 280 44 273 43 268 45 257
bezier
45 257 46 250 49 245 53 244
bezier
53 244 57 249 61 255 63 258
bezier
63 258 63 250 63 248 63 243
bezier
63 243 64 240 66 239 69 241
bezier
69 241 76 244 83 248 86 250
bezier
94 301 95 294 94 286 93 276
bezier
93 276 93 270 90 263 86 253
bezier
86 253 86 247 89 236 93 228
bezier
93 228 99 222 101 221 102 231
bezier
102 231 101 236 103 227 104 223
bezier
104 223 109 218 112 217 118 212
bezier
118 212 119 210 120 208 121 208
bezier
125 269 124 265 122 257 120 251
bezier
120 251 120 244 120 238 119 232
bezier
119 232 121 224 125 217 129 208
bezier
129 208 132 204 133 205 133 209
bezier
133 209 136 210 139 209 141 208
bezier
141 208 145 207 148 205 151 204
bezier
151 204 153 203 165 200 171 199
bezier
171 199 173 199 170 204 168 208
bezier
168 208 167 212 166 216 165 221
bezier
160 256 165 247 168 240 166 231
bezier
166 231 166 226 166 223 168 216
bezier
168 216 170 209 173 207 176 202
bezier
176 202 181 198 180 201 178 204
bezier
178 204 179 207 182 206 186 203
bezier
186 203 188 201 190 198 192 201
bezier
192 201 192 204 189 210 187 214
bezier
187 214 186 217 190 222 192 228
bezier
192 228 193 233 194 240 198 243
bezier
198 243 203 249 205 259 205 268
bezier
205 268 206 279 204 282 195 290
bezier
195 290 189 295 180 304 171 307
bezier
171 307 170 308 170 309 169 312
bezier
169 312 168 313 165 315 161 318
bezier
161 318 155 323 151 327 150 329
bezier
150 329 149 333 148 338 148 339
bezier
148 339 146 345 145 350 144 351
bezier
162 417 156 413 151 410 146 406
bezier
146 406 141 401 137 396 135 387
bezier
135 387 136 381 138 373 141 361
bezier
147 351 149 355 150 356 152 357
bezier
152 357 152 358 151 362 149 368
bezier
149 368 148 374 149 381 149 388
bezier
149 388 150 396 153 399 157 402
bezier
210 459 210 450 210 445 208 438
bezier
208 438 206 428 203 421 200 414
bezier
200 414 193 409 188 406 181 401
bezier
181 401 178 398 176 395 176 390
bezier
176 390 177 385 178 379 180 373
bezier
180 373 183 369 183 367 178 366
bezier
178 366 174 363 169 360 166 358
bezier
166 358 162 360 160 358 160 354
bezier
160 354 159 351 156 355 154 356
bezier
191 405 188 401 186 397 186 391
bezier
186 391 186 387 186 383 188 377
bezier
188 377 190 371 192 369 194 369
bezier
194 369 196 370 203 372 206 373
bezier
206 373 212 374 214 374 211 381
bezier
211 381 211 384 211 386 211 391
bezier
211 391 210 396 210 402 212 405
bezier
212 389 215 382 217 378 220 374
bezier
220 374 221 375 224 377 227 376
bezier
227 376 233 375 239 378 243 381
bezier
243 381 241 384 240 389 239 395
bezier
239 395 237 400 239 411 242 418
bezier
242 418 246 425 250 432 250 434
bezier
252 453 254 447 252 439 251 433
bezier
251 433 250 427 250 417 251 411
bezier
251 411 253 403 257 394 259 389
bezier
259 389 260 384 259 376 261 374
bezier
261 374 266 375 269 379 273 380
bezier
273 380 279 378 280 378 282 383
bezier
282 383 284 387 285 392 284 395
bezier
284 395 284 399 283 400 282 403
bezier
284 383 284 378 284 376 291 377
bezier
291 377 294 377 298 377 299 374
bezier
299 374 307 377 310 379 312 380
bezier
312 380 313 384 314 389 314 393
bezier
316 385 319 391 321 396 324 401
bezier
324 401 324 410 322 420 318 427
bezier
318 427 312 439 308 445 307 449
bezier
307 449 306 452 306 452 306 452
bezier
307 443 307 446 305 452 303 457
bezier
303 457 303 463 303 467 302 473
bezier
302 473 297 482 291 487 285 489
bezier
285 489 280 489 271 490 266 493
bezier
266 493 259 496 253 495 249 494
bezier
253 487 250 490 247 493 242 495
bezier
242 495 238 498 237 499 237 499
bezier
181 496 184 498 185 499 186 499
bezier
277 499 281 497 282 495 282 496
bezier
282 496 283 497 286 495 290 494
bezier
290 494 292 492 295 490 296 488
bezier
292 487 297 488 300 488 305 487
bezier
305 487 310 484 313 480 318 475
bezier
318 475 321 471 324 467 327 460
bezier
327 460 327 454 328 448 332 442
bezier
332 442 337 439 341 436 348 430
bezier
348 430 353 426 357 421 359 413
bezier
359 413 359 410 358 400 358 395
bezier
358 395 358 393 356 386 355 384
bezier
355 384 353 379 353 378 353 378
bezier
359 392 360 385 360 380 359 376
bezier
359 376 356 369 351 362 348 356
bezier
348 356 347 354 345 357 344 357
bezier
344 357 339 354 339 355 336 358
bezier
336 358 334 359 333 359 329 359
bezier
329 359 329 361 330 365 331 369
bezier
331 369 334 372 336 375 337 377
bezier
337 377 339 380 340 384 340 386
bezier
326 400 328 393 326 385 320 376
bezier
320 376 318 372 322 371 326 371
bezier
326 371 328 369 330 367 330 366
bezier
339 352 338 346 337 340 338 327
bezier
338 327 338 322 341 314 344 308
bezier
344 308 347 305 352 298 354 294
bezier
354 294 356 287 355 282 353 280
bezier
357 280 357 273 354 268 351 263
bezier
351 263 349 260 347 256 342 250
bezier
342 250 338 248 334 249 329 250
bezier
329 250 328 253 322 252 320 250
bezier
320 250 316 250 316 253 318 255
bezier
318 255 321 262 321 267 323 274
bezier
323 274 323 284 322 293 322 299
bezier
322 299 322 308 322 316 321 324
bezier
321 324 322 332 324 344 325 348
bezier
325 348 328 354 328 356 328 358
bezier
325 286 328 278 329 273 329 268
bezier
329 268 329 263 328 258 328 254
bezier
333 278 333 274 333 272 331 269
bezier
130 416 126 412 125 407 124 400
bezier
124 400 122 392 122 385 122 379
bezier
122 379 124 370 125 365 126 361
bezier
126 361 129 356 130 355 130 355
bezier
116 404 115 397 113 393 112 389
bezier
112 389 108 381 105 373 102 367
bezier
102 367 98 360 95 353 94 345
bezier
94 345 93 337 92 325 93 315
bezier
93 315 97 308 104 302 110 292
bezier
110 292 115 285 117 280 117 276
bezier
48 345 55 349 59 354 64 361
bezier
64 361 68 369 70 376 70 381
bezier
150 241 152 233 152 228 152 224
bezier
152 224 153 220 153 217 153 214
bezier
242 397 237 399 230 401 221 401
bezier
221 401 215 400 210 397 204 395
bezier
204 395 197 392 192 389 187 386
bezier
187 386 182 384 175 381 172 379
bezier
172 379 170 377 168 376 166 374
bezier
241 396 235 396 230 397 224 396
bezier
224 396 217 395 210 394 205 393
bezier
205 393 200 391 197 390 191 388
bezier
293 392 295 394 300 394 304 394
bezier
304 394 308 393 314 392 319 389
bezier
319 389 323 387 326 386 327 386
bezier
294 390 299 390 303 391 308 390
bezier
308 390 311 390 315 390 319 388
#draw
#darker hair
color
155 111 136
bezier
235 493 231 495 228 495 224 495
bezier
224 495 216 494 211 493 205 492
bezier
205 492 199 489 195 486 189 482
bezier
189 482 184 477 179 472 176 468
bezier
176 468 173 459 171 454 166 445
bezier
166 445 165 438 164 433 164 427
bezier
164 427 162 420 162 417 163 413
bezier
163 413 165 421 166 426 168 431
bezier
168 431 173 440 176 446 179 452
bezier
179 452 182 457 186 462 188 466
bezier
188 466 195 472 201 478 207 482
bezier
207 482 213 487 225 491 236 493
bezier
192 484 199 487 204 487 210 487
bezier
182 472 189 476 198 479 205 481
bezier
168 361 164 368 159 375 157 385
bezier
157 385 156 391 156 397 156 403
bezier
28 260 28 269 30 279 38 290
bezier
38 290 47 299 53 305 58 311
bezier
58 311 61 318 62 324 63 327
bezier
63 327 64 324 63 317 63 309
bezier
63 309 61 302 59 297 55 290
bezier
68 239 69 246 72 253 77 260
bezier
77 260 81 266 83 272 85 285
bezier
85 285 85 292 84 300 82 308
bezier
82 308 79 316 77 320 81 317
bezier
81 317 83 314 86 309 89 307
bezier
89 307 91 305 92 303 94 302
bezier
98 222 96 230 97 237 99 246
bezier
99 246 102 254 105 259 107 255
bezier
107 255 106 250 107 247 110 254
bezier
110 254 114 263 116 271 118 279
bezier
118 279 118 282 116 288 120 284
bezier
120 284 124 280 129 271 131 263
bezier
131 263 132 255 131 247 131 237
bezier
131 237 132 227 132 223 133 218
bezier
133 218 134 216 136 212 136 209
bezier
102 220 101 225 101 232 102 237
bezier
102 237 104 226 106 223 111 219
bezier
111 219 116 214 120 209 121 208
bezier
121 208 124 216 123 219 122 226
bezier
122 226 120 232 120 237 121 247
bezier
121 247 123 253 124 260 125 266
bezier
125 266 125 270 124 271 124 271
bezier
126 214 127 210 131 206 132 205
bezier
132 205 132 210 135 210 136 209
bezier
168 206 163 213 161 225 162 233
bezier
162 233 163 241 163 246 162 253
bezier
162 253 160 258 160 258 160 258
bezier
190 230 191 238 189 248 187 254
bezier
187 254 184 261 179 268 173 272
bezier
173 272 167 278 163 282 159 289
bezier
159 289 158 296 158 298 160 295
bezier
160 295 162 289 166 284 173 281
bezier
173 281 181 279 189 277 195 271
bezier
195 271 200 263 202 258 201 254
bezier
194 243 193 249 192 256 190 260
bezier
190 260 187 265 182 269 179 272
bezier
179 272 175 274 177 275 181 274
bezier
181 274 186 271 191 266 193 264
bezier
193 264 193 261 192 259 191 258
bezier
237 405 239 416 240 421 242 425
bezier
242 425 246 431 249 436 252 440
bezier
286 401 289 396 289 391 289 385
bezier
289 385 289 382 289 380 289 378
bezier
307 451 311 449 316 445 318 440
bezier
318 440 321 434 323 428 326 423
bezier
326 423 328 416 328 411 329 405
bezier
329 405 330 400 329 398 328 394
bezier
340 380 339 371 339 365 336 360
bezier
325 344 326 335 328 329 331 323
bezier
331 323 335 314 342 307 344 302
bezier
344 302 347 293 345 280 343 273
bezier
343 273 338 266 334 259 332 257
#draw
#face
color
243 226 207
bezier
189 221 195 218 199 215 207 212
bezier
225 204 233 202 242 199 253 199
bezier
253 199 262 200 280 208 290 217
bezier
290 217 298 228 303 239 313 253
#mouth
bezier
276 277 271 274 264 268 260 261
bezier
260 261 257 257 255 252 253 248
bezier
253 248 249 241 248 236 248 227
bezier
248 227 251 222 259 221 267 224
bezier
267 224 271 226 274 233 277 240
bezier
277 240 280 248 283 256 282 264
bezier
282 264 281 272 281 276 277 277
#nose
bezier
282 315 284 311 287 309 289 308
bezier
289 308 290 303 290 299 289 296
#draw
#blush
color
217 189 176
bezier
193 302 195 299 197 293 199 289
bezier
199 289 200 294 201 298 202 296
bezier
202 296 203 295 204 294 205 292
bezier
209 296 209 295 210 293 211 292
bezier
214 296 214 295 215 294 215 293
bezier
304 295 304 296 304 298 305 298
bezier
307 301 308 299 309 298 311 298
bezier
311 298 311 297 312 296 312 295
#draw
#teeth
color
226 233 236
bezier
266 268 271 267 277 268 281 270
#draw
#tongue
color
176 92 76
bezier
256 254 259 253 265 248 269 244
bezier
269 244 272 240 273 238 275 236
#draw
#inner tongue
color
228 142 141
bezier
250 237 255 240 261 241 266 241
bezier
266 241 271 239 274 238 275 236
#draw
#eyebrow
color
66 57 51
bezier
195 363 200 364 207 367 213 368
bezier
213 368 217 369 223 370 228 371
bezier
228 371 232 371 235 371 236 372
bezier
229 370 231 368 232 367 234 365
bezier
285 367 289 368 293 368 297 368
bezier
297 368 301 367 303 367 307 366
bezier
307 366 310 365 311 364 313 363
bezier
293 367 291 366 289 364 287 362
bezier
166 343 171 346 176 349 181 352
bezier
181 352 185 354 189 356 195 358
bezier
195 358 199 359 204 360 210 361
bezier
210 361 220 360 225 360 228 360
bezier
228 360 230 359 231 359 233 358
bezier
169 342 171 340 171 337 173 333
bezier
173 333 175 329 178 327 177 330
bezier
177 330 176 333 175 336 175 339
bezier
175 339 175 341 177 342 182 346
bezier
182 346 186 347 188 348 191 347
bezier
191 347 192 346 192 347 191 349
bezier
191 349 193 349 197 347 197 347
bezier
197 347 198 349 198 349 198 351
bezier
198 351 200 351 202 351 204 350
bezier
204 350 206 350 205 352 204 353
bezier
204 353 206 354 207 354 212 353
bezier
212 353 215 351 219 349 224 348
bezier
224 348 226 347 221 351 219 353
bezier
219 353 218 355 221 354 224 352
bezier
224 352 228 350 231 349 234 348
bezier
234 348 231 351 229 353 227 355
bezier
227 355 227 356 226 357 225 359
bezier
285 353 287 354 290 355 296 356
bezier
296 356 301 356 305 357 308 356
bezier
308 356 312 356 315 356 318 355
bezier
290 353 287 350 284 347 287 348
bezier
287 348 290 350 294 351 297 351
bezier
297 351 298 349 299 351 303 352
bezier
303 352 304 350 309 346 311 345
bezier
311 345 310 347 309 349 311 347
bezier
311 347 316 344 319 342 322 341
bezier
322 341 318 345 316 348 317 348
bezier
317 348 320 348 321 348 316 350
bezier
316 350 314 352 313 353 313 354
bezier
314 343 314 341 313 336 312 332
bezier
312 332 314 334 316 337 317 339
bezier
317 339 317 340 317 341 317 342
#draw
#eyes
color
226 233 236
bezier
227 348 228 340 228 332 229 325
bezier
229 325 228 319 226 312 223 308
bezier
223 308 220 305 220 305 220 305
bezier
180 325 183 321 185 318 188 315
bezier
188 315 192 311 194 310 197 308
bezier
312 328 310 323 308 320 307 315
bezier
287 347 285 342 285 336 285 330
bezier
285 330 285 325 286 319 287 316
bezier
287 316 288 314 289 311 291 309
#draw
#pupils
color
229 190 199
bezier
199 307 195 313 191 319 190 324
bezier
190 324 189 329 191 339 192 345
bezier
192 345 195 349 196 349 196 349
bezier
220 348 222 342 224 336 224 330
bezier
224 330 223 322 222 315 221 312
bezier
221 312 220 309 219 307 217 304
bezier
217 304 212 304 207 304 202 305
bezier
202 305 201 306 201 306 201 306
bezier
293 307 297 306 299 305 303 307
bezier
303 307 304 310 305 312 306 316
bezier
306 316 307 321 307 326 306 332
bezier
306 332 306 340 304 344 302 348
bezier
302 348 300 349 297 351 293 348
bezier
293 348 291 345 291 340 290 334
bezier
290 334 290 329 291 323 292 316
bezier
292 316 294 313 295 309 298 305
#draw
#neck
color
243 226 207
bezier
237 199 237 195 236 188 235 181
bezier
235 181 234 174 233 168 233 162
bezier
233 162 232 155 233 151 233 145
bezier
167 198 167 193 168 185 167 174
bezier
211 138 217 136 222 135 226 134
bezier
226 134 228 133 230 132 232 131
bezier
250 139 247 137 243 136 241 134
#draw
#clothes
color
189 215 206
bezier
341 114 345 112 349 109 354 105
bezier
354 105 361 101 368 97 371 94
bezier
371 94 379 88 385 81 394 75
bezier
394 75 398 72 404 66 411 60
bezier
253 156 258 153 264 151 270 148
bezier
270 148 273 147 278 145 282 143
bezier
282 143 285 142 286 141 286 141
bezier
167 184 164 183 160 181 155 177
bezier
155 177 153 174 151 171 149 168
bezier
149 168 142 166 133 163 127 159
bezier
127 159 128 156 132 155 136 152
bezier
136 152 142 145 144 141 150 133
bezier
150 133 156 125 160 119 164 113
bezier
164 113 171 104 176 98 183 92
bezier
183 92 192 87 200 80 208 76
bezier
208 76 216 74 222 72 228 75
bezier
228 75 233 81 237 90 239 98
bezier
239 98 242 109 246 113 247 116
bezier
247 116 239 119 229 123 220 127
bezier
220 127 212 133 209 135 202 142
bezier
202 142 196 149 192 153 185 158
bezier
185 158 178 164 172 168 169 171
bezier
169 171 165 174 163 176 164 176
bezier
235 175 241 170 247 165 253 157
bezier
253 157 257 148 259 142 262 136
bezier
262 136 266 129 270 121 274 114
bezier
274 114 277 108 279 104 281 98
bezier
232 158 238 155 241 154 245 151
bezier
243 161 245 156 248 147 249 144
bezier
249 144 251 136 253 131 252 126
bezier
252 126 250 122 248 118 247 116
bezier
250 114 253 111 257 108 260 106
bezier
260 106 263 102 265 100 268 97
bezier
268 97 270 94 272 92 274 89
bezier
126 156 120 155 116 154 110 154
bezier
110 154 102 152 97 149 93 146
bezier
93 146 89 144 82 138 79 134
bezier
79 134 77 130 74 124 71 117
bezier
71 117 68 110 68 103 67 95
bezier
67 95 66 88 67 79 67 71
bezier
67 71 68 65 68 58 69 46
bezier
69 46 73 33 78 20 81 10
bezier
81 10 85 2 86 0 86 0
bezier
75 38 78 48 80 56 84 63
bezier
84 63 87 70 89 73 89 69
bezier
89 69 88 61 87 54 88 47
bezier
88 47 87 40 86 30 86 23
bezier
86 23 86 15 86 10 86 2
bezier
131 2 128 6 121 11 117 13
bezier
117 13 116 17 117 19 122 21
bezier
122 21 127 24 130 24 136 22
bezier
136 22 139 21 147 20 153 19
bezier
153 19 158 16 166 12 169 11
bezier
169 11 174 7 178 5 184 1
bezier
93 145 97 146 104 144 108 140
bezier
108 140 113 136 119 128 123 122
bezier
123 122 128 112 134 105 138 96
bezier
138 96 144 84 150 75 156 70
bezier
156 70 166 63 173 59 178 56
bezier
178 56 186 48 190 45 193 40
bezier
193 40 195 35 196 28 196 25
bezier
193 28 195 24 196 19 197 15
bezier
197 15 198 11 199 6 200 5
bezier
200 5 201 4 201 2 201 1
bezier
170 91 171 86 172 81 173 76
bezier
173 76 175 72 176 66 177 63
bezier
178 63 179 60 180 58 179 56
bezier
242 101 240 96 240 92 241 89
bezier
241 89 241 87 238 82 240 78
bezier
240 78 242 74 242 72 240 69
bezier
240 69 241 64 242 61 242 59
bezier
242 59 241 54 242 51 244 54
bezier
244 54 245 55 248 59 248 64
bezier
248 64 248 70 247 78 247 84
bezier
247 84 245 93 244 98 243 104
bezier
243 104 242 106 247 107 250 107
bezier
250 107 252 107 255 107 257 107
bezier
269 94 270 90 270 88 270 85
bezier
260 92 257 91 255 89 254 85
bezier
254 85 255 80 258 79 260 80
bezier
260 80 262 86 261 87 261 90
bezier
256 154 261 152 266 150 271 149
bezier
324 60 327 50 327 40 329 29
bezier
329 29 329 21 330 14 330 9
bezier
330 9 331 5 331 2 331 0
bezier
330 76 333 66 337 58 340 51
bezier
340 51 344 43 347 35 350 26
bezier
350 26 354 21 358 14 360 9
bezier
361 7 362 5 364 2 364 1
#draw
#given arms
color
243 226 207
bezier
204 3 207 9 213 16 216 21
bezier
216 21 220 25 223 31 228 38
bezier
228 38 234 45 240 51 251 61
bezier
251 61 260 72 267 81 277 91
bezier
277 91 283 100 289 109 292 112
bezier
292 112 292 119 291 127 290 134
bezier
290 134 288 143 287 151 285 161
bezier
285 161 284 166 283 171 282 178
bezier
282 178 280 185 280 195 280 201
bezier
280 201 280 203 284 206 289 210
bezier
289 210 292 216 295 221 298 228
bezier
298 228 303 235 306 237 311 239
bezier
311 239 314 239 319 236 322 234
bezier
322 234 327 235 332 234 334 235
bezier
334 235 337 235 338 233 340 233
bezier
340 233 344 233 346 233 349 232
bezier
349 232 352 230 353 229 353 228
bezier
300 211 304 215 306 217 310 221
bezier
310 221 315 226 320 229 325 231
bezier
325 231 329 233 333 234 335 235
bezier
339 232 341 231 343 228 345 227
bezier
305 203 312 204 320 208 323 210
bezier
323 210 330 214 340 221 345 224
bezier
345 224 349 226 353 227 357 225
bezier
357 225 360 221 364 217 367 213
bezier
367 213 372 210 378 208 382 206
bezier
382 206 382 204 381 200 379 198
bezier
379 198 374 198 371 198 364 199
bezier
364 199 360 201 354 204 350 206
bezier
350 206 346 205 341 202 338 199
bezier
338 199 334 195 331 193 330 192
bezier
322 188 327 190 331 191 334 193
bezier
334 193 339 195 344 196 347 198
bezier
347 198 353 199 357 199 359 198
bezier
359 198 364 197 374 197 378 196
bezier
378 196 380 193 383 190 389 186
bezier
389 186 394 183 397 179 396 176
bezier
396 176 390 173 383 174 375 177
bezier
375 177 368 181 361 182 354 181
bezier
354 181 349 180 347 179 345 175
bezier
345 175 341 170 334 166 329 164
bezier
329 164 329 164 332 158 332 156
bezier
332 156 334 149 336 143 339 136
bezier
339 136 340 128 341 119 341 113
bezier
341 113 340 103 339 97 335 90
bezier
335 90 331 82 328 76 325 69
bezier
325 69 322 64 319 57 315 50
bezier
315 50 311 40 307 32 303 25
bezier
303 25 299 18 296 13 294 9
bezier
294 9 293 7 292 4 291 2
bezier
426 1 424 10 423 14 420 24
bezier
420 24 418 33 416 43 414 54
bezier
414 54 412 65 411 72 409 81
bezier
497 7 495 12 491 22 490 25
bezier
490 25 484 36 482 42 477 52
bezier
477 52 472 62 468 73 464 82
bezier
464 82 458 93 455 96 452 103
bezier
456 180 446 183 437 183 431 181
bezier
431 181 424 179 415 180 409 181
bezier
409 181 405 184 406 188 411 191
bezier
411 191 418 193 427 195 432 197
bezier
432 197 434 199 438 200 443 200
bezier
443 200 447 197 453 195 454 194
bezier
454 194 452 198 450 204 447 208
bezier
447 208 444 214 439 221 437 223
bezier
437 223 433 223 425 223 421 223
bezier
421 223 419 223 413 220 410 217
bezier
410 217 407 214 402 210 399 204
bezier
399 204 402 202 408 199 411 200
bezier
411 200 419 203 423 204 427 205
bezier
427 205 430 205 432 203 433 202
bezier
433 226 433 229 427 231 423 232
bezier
423 232 416 233 410 232 405 230
bezier
405 230 402 226 395 221 391 217
bezier
391 217 389 214 390 212 393 210
bezier
393 210 396 208 399 208 401 209
bezier
415 236 414 239 410 241 404 243
bezier
404 243 398 244 392 242 388 237
bezier
388 237 384 231 381 227 379 225
bezier
379 225 382 221 384 220 390 220
bezier
390 220 393 223 397 225 401 229
bezier
401 229 403 231 403 233 404 233
#draw
#test ripped arms from old one
bezier
452 201 454 197 455 191 455 185
bezier
455 185 454 180 452 170 450 161
bezier
450 161 446 152 443 143 442 135
bezier
442 135 442 124 445 113 447 108
bezier
454 97 451 102 450 104 448 108
bezier
388 140 391 134 394 127 396 123
bezier
396 123 399 115 401 109 403 102
bezier
403 102 405 94 407 86 409 79
#draw
color
229 190 199
push
move
370 200 0
rotate
x 33
torus
0 0 0 25 50
#display